{
 "cells": [
  {
   "cell_type": "code",
   "execution_count": 13,
   "id": "970d5ff9",
   "metadata": {},
   "outputs": [
    {
     "name": "stdout",
     "output_type": "stream",
     "text": [
      "Ma trận R:\n",
      "[[ 2  0  1]\n",
      " [ 1 -2  3]\n",
      " [-1  1  4]]\n",
      "Vector b:\n",
      "[10  8  7]\n",
      "Nghiệm x của hệ Rx = b:\n",
      "[3.82608696 1.43478261 2.34782609]\n",
      "Định thức của R = -23.0\n",
      "Ma trận nghịch đảo R^-1:\n",
      "[[ 0.47826087 -0.04347826 -0.08695652]\n",
      " [ 0.30434783 -0.39130435  0.2173913 ]\n",
      " [ 0.04347826  0.08695652  0.17391304]]\n",
      "Nghiệm tính bằng R^-1 × b:\n",
      "[3.82608696 1.43478261 2.34782609]\n",
      "So sánh với np.linalg.solve: [3.82608696 1.43478261 2.34782609]\n",
      "Chuẩn Frobenius của R = 6.083\n"
     ]
    }
   ],
   "source": [
    "# Câu 5\n",
    "import numpy as np\n",
    "\n",
    "# a)\n",
    "\n",
    "R = np.array([\n",
    "    [2, 0, 1],\n",
    "    [1, -2, 3],\n",
    "    [-1, 1, 4]\n",
    "])\n",
    "\n",
    "b = np.array([10, 8, 7])\n",
    "\n",
    "print(\"Ma trận R:\")\n",
    "print(R)\n",
    "print(\"Vector b:\")\n",
    "print(b)\n",
    "\n",
    "x = np.linalg.solve(R, b)\n",
    "print(\"Nghiệm x của hệ Rx = b:\")\n",
    "print(x)\n",
    "\n",
    "# b) \n",
    "\n",
    "det_R = np.linalg.det(R)\n",
    "print(\"Định thức của R =\", round(det_R, 3))\n",
    "\n",
    "if det_R != 0:\n",
    "    R_inv = np.linalg.inv(R)\n",
    "    print(\"Ma trận nghịch đảo R^-1:\")\n",
    "    print(R_inv)\n",
    "\n",
    "    x_check = R_inv @ b\n",
    "    print(\"Nghiệm tính bằng R^-1 × b:\")\n",
    "    print(x_check)\n",
    "    print(\"So sánh với np.linalg.solve:\", x)\n",
    "else:\n",
    "    print(\"R không khả nghịch.\")\n",
    "\n",
    "# c) \n",
    "\n",
    "fro_norm = np.linalg.norm(R, 'fro')\n",
    "print(\"Chuẩn Frobenius của R =\", round(fro_norm, 3))\n"
   ]
  },
  {
   "cell_type": "code",
   "execution_count": null,
   "id": "83b2d7a4",
   "metadata": {},
   "outputs": [
    {
     "name": "stdout",
     "output_type": "stream",
     "text": [
      "Ma trận Q:\n",
      "[[ 1  3 -2]\n",
      " [ 4 -1  0]\n",
      " [ 0  1  2]]\n",
      "Giá trị riêng: [-3.79224946+0.j          2.89612473+0.76033969j  2.89612473-0.76033969j]\n",
      "Vector riêng (mỗi cột là một vector riêng):\n",
      "[[ 0.56674477+0.j          0.5918019 +0.11549181j  0.5918019 -0.11549181j]\n",
      " [-0.81188272+0.j          0.60758004+0.j          0.60758004-0.j        ]\n",
      " [ 0.14016708+0.j          0.39421145-0.33447867j  0.39421145+0.33447867j]]\n",
      "Các vector riêng sau chuẩn hóa:\n",
      "[[ 0.56674477+0.j          0.5918019 +0.11549181j  0.5918019 -0.11549181j]\n",
      " [-0.81188272+0.j          0.60758004+0.j          0.60758004-0.j        ]\n",
      " [ 0.14016708+0.j          0.39421145-0.33447867j  0.39421145+0.33447867j]]\n"
     ]
    }
   ],
   "source": [
    "# Câu 4\n",
    "import numpy as np\n",
    "\n",
    "# a) \n",
    "\n",
    "Q = np.array([\n",
    "    [1, 3, -2],\n",
    "    [4, -1, 0],\n",
    "    [0, 1, 2]\n",
    "])\n",
    "\n",
    "print(\"Ma trận Q:\")\n",
    "print(Q)\n",
    "\n",
    "eigenvalues, eigenvectors = np.linalg.eig(Q)\n",
    "print(\"Giá trị riêng:\", eigenvalues)\n",
    "\n",
    "# b) \n",
    "\n",
    "print(\"Vector riêng (mỗi cột là một vector riêng):\")\n",
    "print(eigenvectors)\n",
    "\n",
    "# c) \n",
    "\n",
    "normalized = eigenvectors / np.linalg.norm(eigenvectors, axis=0)\n",
    "print(\"Các vector riêng sau chuẩn hóa:\")\n",
    "print(normalized)\n"
   ]
  },
  {
   "cell_type": "code",
   "execution_count": 11,
   "id": "e8159a9d",
   "metadata": {},
   "outputs": [
    {
     "name": "stdout",
     "output_type": "stream",
     "text": [
      "Ma trận P:\n",
      "[[ 2  1  0  1]\n",
      " [ 0  3  1 -1]\n",
      " [ 1  0  4  2]\n",
      " [ 0  1  0  3]]\n",
      "Vector b:\n",
      "[4 7 9 5]\n",
      "Định thức của P = 86.0\n",
      "Ma trận nghịch đảo P^-1:\n",
      "[[ 0.48837209 -0.09302326  0.02325581 -0.20930233]\n",
      " [ 0.03488372  0.27906977 -0.06976744  0.12790698]\n",
      " [-0.11627907  0.06976744  0.23255814 -0.09302326]\n",
      " [-0.01162791 -0.09302326  0.02325581  0.29069767]]\n",
      "Nghiệm x = [0.46511628 2.10465116 1.65116279 0.96511628]\n",
      "P × x = [4. 7. 9. 5.]\n",
      "So sánh với b: [4 7 9 5]\n"
     ]
    }
   ],
   "source": [
    "# Câu 3\n",
    "import numpy as np\n",
    "\n",
    "# a) \n",
    "\n",
    "P = np.array([\n",
    "    [2, 1, 0, 1],\n",
    "    [0, 3, 1, -1],\n",
    "    [1, 0, 4, 2],\n",
    "    [0, 1, 0, 3]\n",
    "])\n",
    "\n",
    "b = np.array([4, 7, 9, 5])\n",
    "\n",
    "print(\"Ma trận P:\")\n",
    "print(P)\n",
    "print(\"Vector b:\")\n",
    "print(b)\n",
    "\n",
    "det_P = np.linalg.det(P)\n",
    "print(\"Định thức của P =\", round(det_P, 3))\n",
    "\n",
    "if det_P != 0:\n",
    "    P_inv = np.linalg.inv(P)\n",
    "    print(\"Ma trận nghịch đảo P^-1:\")\n",
    "    print(P_inv)\n",
    "\n",
    "# b) \n",
    "\n",
    "    x = P_inv @ b\n",
    "    print(\"Nghiệm x =\", x)\n",
    "\n",
    "# c) \n",
    "\n",
    "    b_check = P @ x\n",
    "    print(\"P × x =\", b_check)\n",
    "    print(\"So sánh với b:\", b)\n",
    "else:\n",
    "    print(\"P không khả nghịch, không thể giải bằng nghịch đảo.\")\n"
   ]
  },
  {
   "cell_type": "code",
   "execution_count": 10,
   "id": "d4a55920",
   "metadata": {},
   "outputs": [
    {
     "name": "stdout",
     "output_type": "stream",
     "text": [
      "Ma trận M:\n",
      "[[1 2 3 0]\n",
      " [4 5 6 1]\n",
      " [7 8 9 2]\n",
      " [0 1 1 0]]\n",
      "Ma trận N:\n",
      "[[ 0  1  2  3]\n",
      " [ 4  5  6  7]\n",
      " [ 8  9 10 11]\n",
      " [12 13 14 15]]\n",
      "Tích M × N là:\n",
      "[[ 32  38  44  50]\n",
      " [ 80  96 112 128]\n",
      " [128 154 180 206]\n",
      " [ 12  14  16  18]]\n",
      "Định thức của M = 0.0\n",
      "Hạng của ma trận N = 2\n"
     ]
    }
   ],
   "source": [
    "# Câu 2\n",
    "import numpy as np\n",
    "\n",
    "M = np.array([\n",
    "    [1, 2, 3, 0],\n",
    "    [4, 5, 6, 1],\n",
    "    [7, 8, 9, 2],\n",
    "    [0, 1, 1, 0]\n",
    "])\n",
    "\n",
    "N = np.array([\n",
    "    [0, 1, 2, 3],\n",
    "    [4, 5, 6, 7],\n",
    "    [8, 9, 10, 11],\n",
    "    [12, 13, 14, 15]\n",
    "])\n",
    "\n",
    "print(\"Ma trận M:\")\n",
    "print(M)\n",
    "print(\"Ma trận N:\")\n",
    "print(N)\n",
    "\n",
    "# a) \n",
    "product = M @ N\n",
    "print(\"Tích M × N là:\")\n",
    "print(product)\n",
    "\n",
    "# b) \n",
    "det_M = np.linalg.det(M)\n",
    "print(\"Định thức của M =\", round(det_M, 3))\n",
    "\n",
    "# c) \n",
    "rank_N = np.linalg.matrix_rank(N)\n",
    "print(\"Hạng của ma trận N =\", rank_N)\n",
    "\n"
   ]
  },
  {
   "cell_type": "code",
   "execution_count": null,
   "id": "d371d966",
   "metadata": {},
   "outputs": [
    {
     "name": "stdout",
     "output_type": "stream",
     "text": [
      "Vector A: [ 2 -1  3  0]\n",
      "Vector B: [ 1  4 -2  5]\n",
      "Tổng A + B = [3 3 1 5]\n",
      "Biểu thức 3A - 2B = [  4 -11  13 -10]\n",
      "Tích vô hướng A · B = -8\n",
      "Góc giữa A và B ≈ 108.376 độ\n",
      "Ma trận C:\n",
      "[[ 0  3  4]\n",
      " [ 1  2 -1]\n",
      " [ 2 -1  0]]\n",
      "Chuyển vị C^T:\n",
      "[[ 0  1  2]\n",
      " [ 3  2 -1]\n",
      " [ 4 -1  0]]\n",
      "Tích C^T × C:\n",
      "[[ 5  0 -1]\n",
      " [ 0 14 10]\n",
      " [-1 10 17]]\n"
     ]
    }
   ],
   "source": [
    "# Câu 1\n",
    "import numpy as np\n",
    "\n",
    "# a)\n",
    "\n",
    "A = np.array([2, -1, 3, 0])\n",
    "B = np.array([1, 4, -2, 5])\n",
    "\n",
    "print(\"Vector A:\", A)\n",
    "print(\"Vector B:\", B)\n",
    "\n",
    "sum_AB = A + B\n",
    "print(\"Tổng A + B =\", sum_AB)\n",
    "\n",
    "scaled_diff = 3 * A - 2 * B\n",
    "print(\"Biểu thức 3A - 2B =\", scaled_diff)\n",
    "\n",
    "# b) \n",
    "\n",
    "dot_product = np.dot(A, B)\n",
    "print(\"Tích vô hướng A · B =\", dot_product)\n",
    "\n",
    "norm_A = np.linalg.norm(A)\n",
    "norm_B = np.linalg.norm(B)\n",
    "\n",
    "cos_theta = dot_product / (norm_A * norm_B)\n",
    "theta_deg = np.degrees(np.arccos(cos_theta))\n",
    "print(\"Góc giữa A và B ≈\", round(theta_deg, 3), \"độ\")\n",
    "\n",
    "# c) \n",
    "C = np.array([\n",
    "    [0, 3, 4],\n",
    "    [1, 2, -1],\n",
    "    [2, -1, 0]\n",
    "])\n",
    "\n",
    "print(\"Ma trận C:\")\n",
    "print(C)\n",
    "\n",
    "C_T = C.T\n",
    "print(\"Chuyển vị C^T:\")\n",
    "print(C_T)\n",
    "\n",
    "CTC = C_T @ C\n",
    "print(\"Tích C^T × C:\")\n",
    "print(CTC)\n",
    "\n",
    "\n"
   ]
  }
 ],
 "metadata": {
  "kernelspec": {
   "display_name": "Python 3",
   "language": "python",
   "name": "python3"
  },
  "language_info": {
   "codemirror_mode": {
    "name": "ipython",
    "version": 3
   },
   "file_extension": ".py",
   "mimetype": "text/x-python",
   "name": "python",
   "nbconvert_exporter": "python",
   "pygments_lexer": "ipython3",
   "version": "3.12.7"
  }
 },
 "nbformat": 4,
 "nbformat_minor": 5
}
